{
 "cells": [
  {
   "cell_type": "markdown",
   "id": "06bb5236",
   "metadata": {},
   "source": [
    "# HaploADMIXTURE.jl\n",
    "\n",
    "This software package is an open-source Julia implementation of HaploADMIXTURE, ancestry inference by modeling haplotypes. By modeling haplotypes, we use information between nearby SNPs, obtaining more accurate ancestry estimates.\n",
    "\n",
    "It supports acceleartion through multithreading and graphic processing units (GPUs). By directly utilizing the data format of the PLINK BED file, the memory usage is highly efficient. \n",
    "\n",
    "It estimates ancestry with maximum-likelihood method for a large SNP genotype datasets, where individuals are assumed to be unrelated. The input is binary PLINK 1 BED-formatted file (`.bed`). Also, you will need an idea of $K$, the number of ancestral populations. One possible way to figure out a good value of $K$ is through Akaike information criterion. If the number of SNPs is too large, you may choose to run on a subset of SNPs selected by their information content, using the blockwise [sparse $K$-means via feature ranking](https://github.com/kose-y/SKFR.jl) (SKFR) method. When SKFR is applied, it selects given number of blocks of two nearby SNPs."
   ]
  },
  {
   "cell_type": "markdown",
   "id": "dbcbab3b",
   "metadata": {},
   "source": [
    "## Installation\n",
    "\n",
    "This package requires Julia v1.7 or later, which can be obtained from\n",
    "<https://julialang.org/downloads/> or by building Julia from the sources in the\n",
    "<https://github.com/JuliaLang/julia> repository.\n",
    "\n",
    "The package can be installed by running the following code:\n",
    "```julia\n",
    "using Pkg\n",
    "pkg\"add https://github.com/kose-y/SKFR.jl\"\n",
    "pkg\"add https://github.com/OpenMendel/OpenADMIXTURE.jl\"\n",
    "pkg\"add https://github.com/OpenMendel/HaploADMIXTURE.jl\"\n",
    "```\n",
    "For running the examples below, the following are also necessary. \n",
    "```julia\n",
    "pkg\"add SnpArrays DelimitedFiles StableRNGs\"\n",
    "```\n",
    "\n",
    "For GPU support, an Nvidia GPU is required. Also, the following package has to be installed:\n",
    "```julia\n",
    "pkg\"add CUDA\"\n",
    "```"
   ]
  },
  {
   "cell_type": "markdown",
   "id": "298d4e60",
   "metadata": {},
   "source": [
    "## Basic Usage"
   ]
  },
  {
   "cell_type": "markdown",
   "id": "e2e5700a",
   "metadata": {},
   "source": [
    "We first import necessary packages:"
   ]
  },
  {
   "cell_type": "code",
   "execution_count": 1,
   "id": "2c6bcc97",
   "metadata": {},
   "outputs": [],
   "source": [
    "using LinearAlgebra, Random, SnpArrays, StableRNGs\n",
    "using HaploADMIXTURE\n",
    "using DelimitedFiles"
   ]
  },
  {
   "cell_type": "markdown",
   "id": "24845078",
   "metadata": {},
   "source": [
    "We will use the PLINK file included in the `SnpArrays` package, whose path is obtained by:"
   ]
  },
  {
   "cell_type": "code",
   "execution_count": 2,
   "id": "23c468b8",
   "metadata": {},
   "outputs": [],
   "source": [
    "filename = SnpArrays.datadir(\"EUR_subset.bed\");"
   ]
  },
  {
   "cell_type": "markdown",
   "id": "84e3da44",
   "metadata": {},
   "source": [
    "This file contains information on 54,051 single nucleotide polymorphisms (SNP)s of 379 samples. The main driver function for admixture proportion estimation is called `run_admixture()`. "
   ]
  },
  {
   "cell_type": "code",
   "execution_count": 3,
   "id": "c22da343",
   "metadata": {
    "scrolled": true
   },
   "outputs": [
    {
     "name": "stdout",
     "output_type": "stream",
     "text": [
      "Using /home/kose/.julia/packages/SnpArrays/lx5Kb/src/../data/EUR_subset.bed as input.\n",
      "Loading genotype data...\n",
      "Loaded 379 samples and 27025 SNPs\n"
     ]
    },
    {
     "name": "stderr",
     "output_type": "stream",
     "text": [
      "\u001b[36m\u001b[1m[ \u001b[22m\u001b[39m\u001b[36m\u001b[1mInfo: \u001b[22m\u001b[39mEM iter 1, ll: -1.4510327066059288e7\n",
      "\u001b[36m\u001b[1m[ \u001b[22m\u001b[39m\u001b[36m\u001b[1mInfo: \u001b[22m\u001b[39mEM iter 2, ll: -1.381644526909224e7\n",
      "\u001b[36m\u001b[1m[ \u001b[22m\u001b[39m\u001b[36m\u001b[1mInfo: \u001b[22m\u001b[39mEM iter 3, ll: -1.3630461295722805e7\n",
      "\u001b[36m\u001b[1m[ \u001b[22m\u001b[39m\u001b[36m\u001b[1mInfo: \u001b[22m\u001b[39mEM iter 4, ll: -1.3583905487448066e7\n",
      "\u001b[36m\u001b[1m[ \u001b[22m\u001b[39m\u001b[36m\u001b[1mInfo: \u001b[22m\u001b[39mEM iter 5, ll: -1.3560929046308124e7\n"
     ]
    },
    {
     "name": "stdout",
     "output_type": "stream",
     "text": [
      "initial ll: -1.3560929046308124e7\n",
      "  0.850404 seconds (4 allocations: 64 bytes)\n",
      "  0.000264 seconds (27 allocations: 12.156 KiB)\n",
      "  0.998668 seconds (4 allocations: 64 bytes)\n",
      "  0.134181 seconds (27 allocations: 12.344 KiB)\n",
      "  0.849196 seconds (4 allocations: 64 bytes)\n",
      "  0.000252 seconds (27 allocations: 12.156 KiB)\n",
      "  0.997638 seconds (4 allocations: 64 bytes)\n",
      "  0.132407 seconds (27 allocations: 12.344 KiB)\n"
     ]
    },
    {
     "name": "stderr",
     "output_type": "stream",
     "text": [
      "\u001b[36m\u001b[1m[ \u001b[22m\u001b[39m\u001b[36m\u001b[1mInfo: \u001b[22m\u001b[39mIteration 1: ll=-1.3442143002068464e7, reldiff = 0.008759432619551937, ll_basic=-1.3439421296893205e7, ll_qn=-1.3442143002068464e7\n"
     ]
    },
    {
     "name": "stdout",
     "output_type": "stream",
     "text": [
      "  4.927956 seconds (123.29 k allocations: 21.585 MiB, 0.53% compilation time)\n",
      "\n",
      "\n",
      "  0.851355 seconds (4 allocations: 64 bytes)\n",
      "  0.000242 seconds (27 allocations: 12.156 KiB)\n",
      "  0.998224 seconds (4 allocations: 64 bytes)\n",
      "  0.122307 seconds (27 allocations: 12.344 KiB)\n",
      "  0.851050 seconds (4 allocations: 64 bytes)\n",
      "  0.000246 seconds (27 allocations: 12.156 KiB)\n",
      "  0.998467 seconds (4 allocations: 64 bytes)\n",
      "  0.121218 seconds (27 allocations: 12.344 KiB)\n"
     ]
    },
    {
     "name": "stderr",
     "output_type": "stream",
     "text": [
      "\u001b[36m\u001b[1m[ \u001b[22m\u001b[39m\u001b[36m\u001b[1mInfo: \u001b[22m\u001b[39mIteration 2: ll=-1.3383453322742362e7, reldiff = 0.004366095444533735, ll_basic=-1.3388259907460274e7, ll_qn=-1.3383453322742362e7\n"
     ]
    },
    {
     "name": "stdout",
     "output_type": "stream",
     "text": [
      "  4.859687 seconds (116.22 k allocations: 24.416 MiB)\n",
      "\n",
      "\n",
      "  0.848979 seconds (4 allocations: 64 bytes)\n",
      "  0.000273 seconds (27 allocations: 12.156 KiB)\n",
      "  0.998561 seconds (4 allocations: 64 bytes)\n",
      "  0.112486 seconds (27 allocations: 12.344 KiB)\n",
      "  0.848001 seconds (4 allocations: 64 bytes)\n",
      "  0.000256 seconds (27 allocations: 12.156 KiB)\n",
      "  0.998448 seconds (4 allocations: 64 bytes)\n",
      "  0.110201 seconds (27 allocations: 12.344 KiB)\n"
     ]
    },
    {
     "name": "stderr",
     "output_type": "stream",
     "text": [
      "\u001b[36m\u001b[1m[ \u001b[22m\u001b[39m\u001b[36m\u001b[1mInfo: \u001b[22m\u001b[39mIteration 3: ll=-1.3363811617880553e7, reldiff = 0.0014676111156177924, ll_basic=-1.3367645714833554e7, ll_qn=-1.3363811617880553e7\n"
     ]
    },
    {
     "name": "stdout",
     "output_type": "stream",
     "text": [
      "  4.916361 seconds (116.22 k allocations: 27.727 MiB, 1.25% gc time)\n",
      "\n",
      "\n",
      "  0.851307 seconds (4 allocations: 64 bytes)\n",
      "  0.000274 seconds (27 allocations: 12.156 KiB)\n",
      "  0.998512 seconds (4 allocations: 64 bytes)\n",
      "  0.110176 seconds (27 allocations: 12.344 KiB)\n",
      "  0.851169 seconds (4 allocations: 64 bytes)\n",
      "  0.000260 seconds (27 allocations: 12.156 KiB)\n",
      "  0.997667 seconds (4 allocations: 64 bytes)\n",
      "  0.104784 seconds (27 allocations: 12.344 KiB)\n"
     ]
    },
    {
     "name": "stderr",
     "output_type": "stream",
     "text": [
      "\u001b[36m\u001b[1m[ \u001b[22m\u001b[39m\u001b[36m\u001b[1mInfo: \u001b[22m\u001b[39mIteration 4: ll=-1.3355847390914964e7, reldiff = 0.0005959547465435272, ll_basic=-1.3355426940109456e7, ll_qn=-1.3355847390914964e7\n"
     ]
    },
    {
     "name": "stdout",
     "output_type": "stream",
     "text": [
      "  4.845048 seconds (116.22 k allocations: 27.727 MiB)\n",
      "\n",
      "\n",
      "  0.851652 seconds (4 allocations: 64 bytes)\n",
      "  0.000275 seconds (27 allocations: 12.156 KiB)\n",
      "  0.998577 seconds (4 allocations: 64 bytes)\n",
      "  0.103790 seconds (27 allocations: 12.344 KiB)\n",
      "  0.851105 seconds (4 allocations: 64 bytes)\n",
      "  0.000274 seconds (27 allocations: 12.156 KiB)\n",
      "  0.997456 seconds (4 allocations: 64 bytes)\n",
      "  0.107239 seconds (27 allocations: 12.344 KiB)\n"
     ]
    },
    {
     "name": "stderr",
     "output_type": "stream",
     "text": [
      "\u001b[36m\u001b[1m[ \u001b[22m\u001b[39m\u001b[36m\u001b[1mInfo: \u001b[22m\u001b[39mIteration 5: ll=-1.3350276186759759e7, reldiff = 0.0004171359549222248, ll_basic=-1.3349978349386934e7, ll_qn=-1.3350276186759759e7\n"
     ]
    },
    {
     "name": "stdout",
     "output_type": "stream",
     "text": [
      "  4.839004 seconds (116.22 k allocations: 27.727 MiB)\n",
      "\n",
      "\n",
      "  0.851309 seconds (4 allocations: 64 bytes)\n",
      "  0.000283 seconds (27 allocations: 12.156 KiB)\n",
      "  0.998756 seconds (4 allocations: 64 bytes)\n",
      "  0.105777 seconds (27 allocations: 12.344 KiB)\n",
      "  0.851073 seconds (4 allocations: 64 bytes)\n",
      "  0.000346 seconds (27 allocations: 12.156 KiB)\n",
      "  0.998307 seconds (4 allocations: 64 bytes)\n",
      "  0.106074 seconds (27 allocations: 12.344 KiB)\n"
     ]
    },
    {
     "name": "stderr",
     "output_type": "stream",
     "text": [
      "\u001b[36m\u001b[1m[ \u001b[22m\u001b[39m\u001b[36m\u001b[1mInfo: \u001b[22m\u001b[39mIteration 6: ll=-1.3347625577409597e7, reldiff = 0.00019854340937084056, ll_basic=-1.3348060337232983e7, ll_qn=-1.3347625577409597e7\n"
     ]
    },
    {
     "name": "stdout",
     "output_type": "stream",
     "text": [
      "  4.872304 seconds (116.22 k allocations: 27.727 MiB, 0.65% gc time)\n",
      "\n",
      "\n",
      "  0.851336 seconds (4 allocations: 64 bytes)\n",
      "  0.000558 seconds (27 allocations: 12.156 KiB)\n",
      "  0.998534 seconds (4 allocations: 64 bytes)\n",
      "  0.105784 seconds (27 allocations: 12.344 KiB)\n",
      "  0.851012 seconds (4 allocations: 64 bytes)\n",
      "  0.000684 seconds (27 allocations: 12.156 KiB)\n",
      "  0.997427 seconds (4 allocations: 64 bytes)\n",
      "  0.102341 seconds (27 allocations: 12.344 KiB)\n"
     ]
    },
    {
     "name": "stderr",
     "output_type": "stream",
     "text": [
      "\u001b[36m\u001b[1m[ \u001b[22m\u001b[39m\u001b[36m\u001b[1mInfo: \u001b[22m\u001b[39mIteration 7: ll=-1.3346229272063218e7, reldiff = 0.00010461076678253966, ll_basic=-1.3346683678589227e7, ll_qn=-1.3346229272063218e7\n"
     ]
    },
    {
     "name": "stdout",
     "output_type": "stream",
     "text": [
      "  4.835209 seconds (116.22 k allocations: 27.727 MiB)\n",
      "\n",
      "\n",
      "  0.851328 seconds (4 allocations: 64 bytes)\n",
      "  0.000576 seconds (27 allocations: 12.156 KiB)\n",
      "  0.998478 seconds (4 allocations: 64 bytes)\n",
      "  0.101554 seconds (27 allocations: 12.344 KiB)\n",
      "  0.851036 seconds (4 allocations: 64 bytes)\n",
      "  0.000621 seconds (27 allocations: 12.156 KiB)\n",
      "  0.998357 seconds (4 allocations: 64 bytes)\n",
      "  0.104624 seconds (27 allocations: 12.344 KiB)\n"
     ]
    },
    {
     "name": "stderr",
     "output_type": "stream",
     "text": [
      "\u001b[36m\u001b[1m[ \u001b[22m\u001b[39m\u001b[36m\u001b[1mInfo: \u001b[22m\u001b[39mIteration 8: ll=-1.3345567893618163e7, reldiff = 4.95554535721753e-5, ll_basic=-1.3345705325338118e7, ll_qn=-1.3345567893618163e7\n"
     ]
    },
    {
     "name": "stdout",
     "output_type": "stream",
     "text": [
      "  4.871630 seconds (116.22 k allocations: 27.727 MiB, 0.64% gc time)\n",
      "\n",
      "\n",
      "  0.851274 seconds (4 allocations: 64 bytes)\n",
      "  0.000836 seconds (27 allocations: 12.156 KiB)\n",
      "  0.997119 seconds (4 allocations: 64 bytes)\n",
      "  0.101553 seconds (27 allocations: 12.344 KiB)\n",
      "  0.851026 seconds (4 allocations: 64 bytes)\n",
      "  0.000899 seconds (27 allocations: 12.156 KiB)\n",
      "  0.998418 seconds (4 allocations: 64 bytes)\n",
      "  0.100059 seconds (27 allocations: 12.344 KiB)\n"
     ]
    },
    {
     "name": "stderr",
     "output_type": "stream",
     "text": [
      "\u001b[36m\u001b[1m[ \u001b[22m\u001b[39m\u001b[36m\u001b[1mInfo: \u001b[22m\u001b[39mIteration 9: ll=-1.334485185488965e7, reldiff = 5.365367245669872e-5, ll_basic=-1.334492648906096e7, ll_qn=-1.334485185488965e7\n"
     ]
    },
    {
     "name": "stdout",
     "output_type": "stream",
     "text": [
      "  4.824198 seconds (116.22 k allocations: 27.727 MiB)\n",
      "\n",
      "\n",
      "  0.847601 seconds (4 allocations: 64 bytes)\n",
      "  0.000966 seconds (27 allocations: 12.156 KiB)\n",
      "  0.998507 seconds (4 allocations: 64 bytes)\n",
      "  0.100239 seconds (27 allocations: 12.344 KiB)\n",
      "  0.851055 seconds (4 allocations: 64 bytes)\n",
      "  0.000832 seconds (27 allocations: 12.156 KiB)\n",
      "  0.998339 seconds (4 allocations: 64 bytes)\n",
      "  0.105940 seconds (27 allocations: 12.344 KiB)\n"
     ]
    },
    {
     "name": "stderr",
     "output_type": "stream",
     "text": [
      "\u001b[36m\u001b[1m[ \u001b[22m\u001b[39m\u001b[36m\u001b[1mInfo: \u001b[22m\u001b[39mIteration 10: ll=-1.3344485904661845e7, reldiff = 2.7422577019496487e-5, ll_basic=-1.334448965648377e7, ll_qn=-1.3344485904661845e7\n"
     ]
    },
    {
     "name": "stdout",
     "output_type": "stream",
     "text": [
      "  4.838603 seconds (116.22 k allocations: 27.727 MiB)\n",
      "\n",
      "\n",
      "  0.851206 seconds (4 allocations: 64 bytes)\n",
      "  0.000893 seconds (27 allocations: 12.156 KiB)\n",
      "  0.998625 seconds (4 allocations: 64 bytes)\n",
      "  0.102893 seconds (27 allocations: 12.344 KiB)\n",
      "  0.850957 seconds (4 allocations: 64 bytes)\n",
      "  0.001028 seconds (27 allocations: 12.156 KiB)\n",
      "  0.998285 seconds (4 allocations: 64 bytes)\n",
      "  0.103653 seconds (27 allocations: 12.344 KiB)\n"
     ]
    },
    {
     "name": "stderr",
     "output_type": "stream",
     "text": [
      "\u001b[36m\u001b[1m[ \u001b[22m\u001b[39m\u001b[36m\u001b[1mInfo: \u001b[22m\u001b[39mIteration 11: ll=-1.3344174847778792e7, reldiff = 2.3309768939482905e-5, ll_basic=-1.3344216738217931e7, ll_qn=-1.3344174847778792e7\n"
     ]
    },
    {
     "name": "stdout",
     "output_type": "stream",
     "text": [
      "  4.856887 seconds (116.22 k allocations: 27.727 MiB, 0.29% gc time)\n",
      "\n",
      "\n",
      "  0.851310 seconds (4 allocations: 64 bytes)\n",
      "  0.001101 seconds (27 allocations: 12.156 KiB)\n",
      "  0.998448 seconds (4 allocations: 64 bytes)\n",
      "  0.100925 seconds (27 allocations: 12.344 KiB)\n",
      "  0.849687 seconds (4 allocations: 64 bytes)\n",
      "  0.000964 seconds (27 allocations: 12.156 KiB)\n",
      "  0.998326 seconds (4 allocations: 64 bytes)\n",
      "  0.099733 seconds (27 allocations: 12.344 KiB)\n"
     ]
    },
    {
     "name": "stderr",
     "output_type": "stream",
     "text": [
      "\u001b[36m\u001b[1m[ \u001b[22m\u001b[39m\u001b[36m\u001b[1mInfo: \u001b[22m\u001b[39mIteration 12: ll=-1.3344074094647754e7, reldiff = 7.550345539300909e-6, ll_basic=-1.3344002897805652e7, ll_qn=-1.3344074094647754e7\n"
     ]
    },
    {
     "data": {
      "text/plain": [
       "(HaploADMIXTURE.AdmixData2{Float64, Float64}(379, 27025, 4, 3, [0.0659305858944505 1.0e-5 … 1.0e-5 0.9216355557347662; 0.2931541469415451 0.3952243217202208 … 0.013364364647133342 0.8908287248221434; 0.28216338908849464 1.0e-5 … 0.02357940880522459 0.9515433681229478; 0.3587518780755096 0.604755678279779 … 1.0e-5 0.977597786283387], [0.06688156566931577 1.0e-5 … 1.0e-5 0.9197043769377913; 0.29604713908141755 0.42915279024486425 … 0.013827308546145119 0.8890911533650797; 0.2844384519030023 1.0e-5 … 0.023681551651886415 0.952683767031023; 0.35263284334626427 0.5708272097551357 … 1.0e-5 0.9785123488109867], [0.06676375953175287 1.0e-5 … 1.0e-5 0.9199367750015377; 0.29574761860381416 0.42509942042450694 … 0.013772084998557576 0.8893414727887852; 0.2841836627728369 1.0e-5 … 0.02367025726164887 0.9525174405640243; 0.35330495909159604 0.574880579575493 … 1.0e-5 0.9783844763769592], [0.0659305858944505 1.0e-5 … 1.0e-5 0.9216355557347662; 0.2931541469415451 0.3952243217202208 … 0.013364364647133342 0.8908287248221434; 0.28216338908849464 1.0e-5 … 0.02357940880522459 0.9515433681229478; 0.3587518780755096 0.604755678279779 … 1.0e-5 0.977597786283387], [0.0659305858944505, 0.2931541469415451, 0.28216338908849464, 0.3587518780755096, 1.0e-5, 0.3952243217202208, 1.0e-5, 0.604755678279779, 1.0000000000138779e-5, 0.24401790844685034  …  0.019811779138935722, 0.022382213716612923, 1.0e-5, 0.013364364647133342, 0.02357940880522459, 1.0e-5, 0.9216355557347662, 0.8908287248221434, 0.9515433681229478, 0.977597786283387], [0.06688156566931577, 0.29604713908141755, 0.2844384519030023, 0.35263284334626427, 1.0e-5, 0.42915279024486425, 1.0e-5, 0.5708272097551357, 1.0e-5, 0.24965081604050235  …  0.018344814328527317, 0.02146765118901323, 1.0e-5, 0.013827308546145119, 0.023681551651886415, 1.0e-5, 0.9197043769377913, 0.8890911533650797, 0.952683767031023, 0.9785123488109867], [0.06676375953175287, 0.29574761860381416, 0.2841836627728369, 0.35330495909159604, 1.0e-5, 0.42509942042450694, 1.0e-5, 0.574880579575493, 1.0e-5, 0.24898331822943506  …  0.018550923125915726, 0.021595523623040767, 1.0e-5, 0.013772084998557576, 0.02367025726164887, 1.0e-5, 0.9199367750015377, 0.8893414727887852, 0.9525174405640243, 0.9783844763769592], [0.0659305858944505, 0.2931541469415451, 0.28216338908849464, 0.3587518780755096, 1.0e-5, 0.3952243217202208, 1.0e-5, 0.604755678279779, 1.0000000000138779e-5, 0.24401790844685034  …  0.019811779138935722, 0.022382213716612923, 1.0e-5, 0.013364364647133342, 0.02357940880522459, 1.0e-5, 0.9216355557347662, 0.8908287248221434, 0.9515433681229478, 0.977597786283387], [0.0, 0.0, 0.0, 0.0, 0.0, 0.0, 0.0, 0.0, 0.0, 0.0  …  0.0, 0.0, 0.0, 0.0, 0.0, 0.0, 0.0, 0.0, 0.0, 0.0], [0.0, 0.0, 0.0, 0.0, 0.0, 0.0, 0.0, 0.0, 0.0, 0.0  …  0.0, 0.0, 0.0, 0.0, 0.0, 0.0, 0.0, 0.0, 0.0, 0.0], [0.0 0.0 … 0.0 0.0], [0.0659305858944505 1.0e-5 … 1.0e-5 1.0e-5; 0.2931541469415451 0.3952243217202208 … 1.0e-5 1.0e-5; 0.28216338908849464 1.0e-5 … 0.9999699999999999 0.9999699999999999; 0.3587518780755096 0.604755678279779 … 1.0e-5 1.0e-5], [0.06688156566931577 1.0e-5 … 1.0e-5 1.0e-5; 0.29604713908141755 0.42915279024486425 … 1.0e-5 1.0e-5; 0.2844384519030023 1.0e-5 … 0.9999699999999999 0.9999699999999999; 0.35263284334626427 0.5708272097551357 … 1.0e-5 1.0e-5], [0.06676375953175287 1.0e-5 … 1.0e-5 1.0e-5; 0.29574761860381416 0.42509942042450694 … 1.0e-5 1.0e-5; 0.2841836627728369 1.0e-5 … 0.9999699999999999 0.9999699999999999; 0.35330495909159604 0.574880579575493 … 1.0e-5 1.0e-5], [0.0659305858944505 1.0e-5 … 1.0e-5 1.0e-5; 0.2931541469415451 0.3952243217202208 … 1.0e-5 1.0e-5; 0.28216338908849464 1.0e-5 … 0.9999699999999999 0.9999699999999999; 0.3587518780755096 0.604755678279779 … 1.0e-5 1.0e-5], [0.0659305858944505 1.0e-5 … 1.0e-5 1.0e-5; 0.2931541469415451 0.3952243217202208 … 1.0e-5 1.0e-5; 0.28216338908849464 1.0e-5 … 0.9999699999999999 0.9999699999999999; 0.3587518780755096 0.604755678279779 … 1.0e-5 1.0e-5], [0.0018988672076842915 0.1505318314348172 … 1.0e-5 0.9216355557347662; 1.0000000000083268e-5 0.05975649854335889 … 0.013364364647133342 0.8908287248221434; 1.0000000000138779e-5 0.07970011700858208 … 0.02357940880522459 0.9515433681229478; 1.0e-5 0.1198160412921759 … 1.0e-5 0.977597786283387], [0.0018340570506700574 0.14906488761626746 … 1.0e-5 0.9197043769377913; 1.0e-5 0.0537889837052913 … 0.013827308546145119 0.8890911533650797; 1.0e-5 0.07930372337794953 … 0.023681551651886415 0.952683767031023; 1.0e-5 0.1277493736573775 … 1.0e-5 0.9785123488109867], [0.0018421408709036878 0.14923971990214993 … 1.0e-5 0.9199367750015377; 1.0e-5 0.05449821302507949 … 0.013772084998557576 0.8893414727887852; 1.0e-5 0.07935273209719687 … 0.02367025726164887 0.9525174405640243; 1.0e-5 0.12680494006349377 … 1.0e-5 0.9783844763769592], [0.0018988672076842915 0.1505318314348172 … 1.0e-5 0.9216355557347662; 1.0000000000083268e-5 0.05975649854335889 … 0.013364364647133342 0.8908287248221434; 1.0000000000138779e-5 0.07970011700858208 … 0.02357940880522459 0.9515433681229478; 1.0e-5 0.1198160412921759 … 1.0e-5 0.977597786283387], [0.0018988672076842915 0.1505318314348172 … 1.0e-5 0.9216355557347662; 1.0000000000083268e-5 0.05975649854335889 … 0.013364364647133342 0.8908287248221434; 1.0000000000138779e-5 0.07970011700858208 … 0.02357940880522459 0.9515433681229478; 1.0e-5 0.1198160412921759 … 1.0e-5 0.977597786283387], [58390.38421013312 54150.31715926804 53426.48862953578 53643.636665696504; 54150.31715926804 55907.89941689902 53175.29942884787 53174.09582915838; 53426.48862953578 53175.29942884787 56394.0363977464 53009.13502530126; 53643.636665696504 53174.09582915839 53009.13502530126 55706.78384966531;;; 99609.34987877037 54471.451436806616 69066.65444122859 53595.84520011082; 54471.451436806616 55712.310856538126 54011.37638979265 52779.277734864794; 69066.65444122859 54011.37638979265 90002.04115273924 53453.46676717821; 53595.84520011082 52779.277734864794 53453.46676717821 55021.14157027914;;; 87465.88626299391 55489.65980152417 65941.57923347602 53462.30318277348; 55489.65980152417 57406.880120426045 54930.19046323326 52929.07398207212; 65941.57923347602 54930.190463233266 93148.28198569223 53319.56702269377; 53462.30318277348 52929.07398207212 53319.56702269377 54424.308214927296;;; … ;;; 60689.929001513556 55757.50085083663 53608.38727075269 54222.828888889184; 55757.50085083663 76546.39864714694 53822.5144743139 53995.836797419324; 53608.38727075269 53822.5144743139 55086.30110082065 52776.77736172708; 54222.82888888918 53995.836797419324 52776.77736172708 55634.88318518481;;; 119905.14733277897 77045.42128736757 53952.94297556193 91181.10717469505; 77045.42128736757 105320.1316052442 53964.857512775634 97846.49925922924; 53952.94297556193 53964.857512775634 54050.01206261571 53626.78795246733; 91181.10717469505 97846.49925922923 53626.78795246733 188834.89899446693;;; 136037.54101543815 71681.6301022522 53866.77222284474 79520.8887149282; 71681.6301022522 97930.20809202561 53833.64943461952 72112.33897948725; 53866.77222284474 53833.64943461952 54050.0137120195 53762.50187545612; 79520.8887149282 72112.33897948726 53762.50187545612 105056.2261640721], [-54049.34263261579 -53972.228902883886 … -53954.20570403081 -53868.02862027654; -54049.064121149466 -54038.026325634855 … -53966.04068757173 -53834.45166690804; -54049.03689030016 -53693.41685604819 … -54050.00600813857 -54050.006840843555; -54051.68723775811 -54059.00952024991 … -53628.95777388302 -53763.455894938204], [85226.12486059996 1.0893300587152623 23704.702350808857 1.0893300587152623; 1.0893300587152626 1.3923429919658132e-5 0.30298508639071137 1.3923429919658132e-5; 23704.702350808857 0.30298508639071137 6593.200318089499 0.30298508639071137; 1.0893300587152626 1.3923429919658132e-5 0.30298508639071137 1.3923429919658132e-5;;; 813.0269006268975 122.59548233638598 114.62122523520435 147.83729235407992; 122.59548233638598 1863.8527654795905 481.7944457265759 447.7530211227138; 114.62122523520435 481.7944457265759 1773.1078877791545 297.38580674497086; 147.83729235407992 447.7530211227138 297.38580674497086 766.3649556496357;;; 5118.111222359604 1157.6937516136263 809.7142342568723 885.6114333625495; 1157.6937516136263 10744.648268180232 2306.9936227063295 7339.327267180694; 809.7142342568723 2306.9936227063295 13572.186860655958 2481.3828413469873; 885.6114333625495 7339.327267180694 2481.3828413469873 10157.515962228224;;; … ;;; 1638.7938056716634 185.82263109114922 278.8555189388301 362.9697818877849; 185.82263109114922 1696.4599329909536 1003.3590332283336 733.4821656252655; 278.8555189388301 1003.3590332283336 3572.9356563901706 1729.9316595024598; 362.9697818877849 733.4821656252655 1729.9316595024598 1806.4678937873666;;; 10793.605201492954 63.14948052917519 4662.677982086903 0.19638443341174622; 63.14948052917519 12183.9926606046 1853.4276607553795 2667.110227758497; 4662.677982086903 1853.4276607553795 8220.898458659187 63.606425055964394; 0.19638443341174622 2667.110227758497 63.606425055964394 1388.4133278440083;;; 124.26536304591248 16.336515090967982 10.739786809688558 17.011832003217496; 16.336515090967982 129.5153308907504 45.203292199634575 40.63320807760719; 10.739786809688558 45.203292199634575 146.34884706611052 31.6668632687355; 17.011832003217496 40.63320807760719 31.6668632687355 88.82836333383487], [-156.54664401197925 -155.76406141341556 … -111.40057483656945 -155.6899575852948; -0.00200092360402606 -213.9376892787373 … -212.3911713204438 -213.00023792388768; -43.54171454341869 -221.60614164657366 … -220.358810450947 -220.47786381407712; -0.00200092360402606 -167.60797415925515 … -38.39914098327353 -168.8606392234744], [58390.38421013312 54150.31715926804 53426.48862953578 53643.636665696504; 54150.31715926804 55907.89941689902 53175.29942884787 53174.09582915838; 53426.48862953578 53175.29942884787 56394.0363977464 53009.13502530126; 53643.636665696504 53174.09582915839 53009.13502530126 55706.78384966531;;; 99609.34987877037 54471.451436806616 69066.65444122859 53595.84520011082; 54471.451436806616 55712.310856538126 54011.37638979265 52779.277734864794; 69066.65444122859 54011.37638979265 90002.04115273924 53453.46676717821; 53595.84520011082 52779.277734864794 53453.46676717821 55021.14157027914;;; 87465.88626299391 55489.65980152417 65941.57923347602 53462.30318277348; 55489.65980152417 57406.880120426045 54930.19046323326 52929.07398207212; 65941.57923347602 54930.190463233266 93148.28198569223 53319.56702269377; 53462.30318277348 52929.07398207212 53319.56702269377 54424.308214927296;;; … ;;; 60689.929001513556 55757.50085083663 53608.38727075269 54222.828888889184; 55757.50085083663 76546.39864714694 53822.5144743139 53995.836797419324; 53608.38727075269 53822.5144743139 55086.30110082065 52776.77736172708; 54222.82888888918 53995.836797419324 52776.77736172708 55634.88318518481;;; 119905.14733277897 77045.42128736757 53952.94297556193 91181.10717469505; 77045.42128736757 105320.1316052442 53964.857512775634 97846.49925922924; 53952.94297556193 53964.857512775634 54050.01206261571 53626.78795246733; 91181.10717469505 97846.49925922923 53626.78795246733 188834.89899446693;;; 136037.54101543815 71681.6301022522 53866.77222284474 79520.8887149282; 71681.6301022522 97930.20809202561 53833.64943461952 72112.33897948725; 53866.77222284474 53833.64943461952 54050.0137120195 53762.50187545612; 79520.8887149282 72112.33897948726 53762.50187545612 105056.2261640721], [-54049.34263261579 -53972.228902883886 … -53954.20570403081 -53868.02862027654; -54049.064121149466 -54038.026325634855 … -53966.04068757173 -53834.45166690804; -54049.03689030016 -53693.41685604819 … -54050.00600813857 -54050.006840843555; -54051.68723775811 -54059.00952024991 … -53628.95777388302 -53763.455894938204], [85226.12486059996 1.0893300587152623 23704.702350808857 1.0893300587152623; 1.0893300587152626 1.3923429919658132e-5 0.30298508639071137 1.3923429919658132e-5; 23704.702350808857 0.30298508639071137 6593.200318089499 0.30298508639071137; 1.0893300587152626 1.3923429919658132e-5 0.30298508639071137 1.3923429919658132e-5;;; 813.0269006268975 122.59548233638598 114.62122523520435 147.83729235407992; 122.59548233638598 1863.8527654795905 481.7944457265759 447.7530211227138; 114.62122523520435 481.7944457265759 1773.1078877791545 297.38580674497086; 147.83729235407992 447.7530211227138 297.38580674497086 766.3649556496357;;; 5118.111222359604 1157.6937516136263 809.7142342568723 885.6114333625495; 1157.6937516136263 10744.648268180232 2306.9936227063295 7339.327267180694; 809.7142342568723 2306.9936227063295 13572.186860655958 2481.3828413469873; 885.6114333625495 7339.327267180694 2481.3828413469873 10157.515962228224;;; … ;;; 1638.7938056716634 185.82263109114922 278.8555189388301 362.9697818877849; 185.82263109114922 1696.4599329909536 1003.3590332283336 733.4821656252655; 278.8555189388301 1003.3590332283336 3572.9356563901706 1729.9316595024598; 362.9697818877849 733.4821656252655 1729.9316595024598 1806.4678937873666;;; 10793.605201492954 63.14948052917519 4662.677982086903 0.19638443341174622; 63.14948052917519 12183.9926606046 1853.4276607553795 2667.110227758497; 4662.677982086903 1853.4276607553795 8220.898458659187 63.606425055964394; 0.19638443341174622 2667.110227758497 63.606425055964394 1388.4133278440083;;; 124.26536304591248 16.336515090967982 10.739786809688558 17.011832003217496; 16.336515090967982 129.5153308907504 45.203292199634575 40.63320807760719; 10.739786809688558 45.203292199634575 146.34884706611052 31.6668632687355; 17.011832003217496 40.63320807760719 31.6668632687355 88.82836333383487], [-156.54664401197925 -155.76406141341556 … -111.40057483656945 -155.6899575852948; -0.00200092360402606 -213.9376892787373 … -212.3911713204438 -213.00023792388768; -43.54171454341869 -221.60614164657366 … -220.358810450947 -220.47786381407712; -0.00200092360402606 -167.60797415925515 … -38.39914098327353 -168.8606392234744], SubArray{Float64, 1, Matrix{Float64}, Tuple{Base.Slice{Base.OneTo{Int64}}, Int64}, true}[[0.0659305858944505, 0.2931541469415451, 0.28216338908849464, 0.3587518780755096], [1.0e-5, 0.3952243217202208, 1.0e-5, 0.604755678279779], [1.0000000000138779e-5, 0.24401790844685034, 1.0000000000138779e-5, 0.7559620915531493], [0.13957425669261916, 0.4641118439178889, 0.3963038993894918, 1.0e-5], [1.0e-5, 0.3650567733485058, 1.0e-5, 0.6349232266514941], [1.0e-5, 0.3608958410834158, 1.0e-5, 0.6390841589165841], [1.0e-5, 0.5627020129816828, 1.0e-5, 0.4372779870183172], [0.0823784185277956, 0.39138225290375844, 1.0000000000222045e-5, 0.5262293285684456], [0.03307551348612409, 0.6814044614525826, 0.28551002506129325, 1.0000000000083268e-5], [1.0e-5, 0.9999699999999999, 1.0e-5, 1.0e-5]  …  [1.0e-5, 1.0e-5, 0.9999699999999999, 1.0e-5], [1.0000000000166534e-5, 0.10823168459727675, 0.8896448590978226, 0.0021134563049004552], [1.0e-5, 0.4366943956398757, 0.5632856043601242, 1.0e-5], [0.0055095594636753505, 0.19042220808065696, 0.8040582324556675, 1.0000000000111023e-5], [1.0e-5, 0.33368791596766084, 0.5179264117987082, 0.14837567223363088], [0.03879743879992276, 1.0e-5, 0.7970938056645831, 0.16409875553549408], [1.0e-5, 0.061157918716914, 0.5672713873217208, 0.37156069396136526], [0.005589378732865653, 1.0000000000249801e-5, 0.5111263631485395, 0.48327425811859454], [1.0e-5, 1.0e-5, 0.9999699999999999, 1.0e-5], [1.0e-5, 1.0e-5, 0.9999699999999999, 1.0e-5]], SubArray{Float64, 1, Matrix{Float64}, Tuple{Base.Slice{Base.OneTo{Int64}}, Int64}, true}[[0.06688156566931577, 0.29604713908141755, 0.2844384519030023, 0.35263284334626427], [1.0e-5, 0.42915279024486425, 1.0e-5, 0.5708272097551357], [1.0e-5, 0.24965081604050235, 1.0e-5, 0.7503291839594975], [0.1564191114571168, 0.40489344461099164, 0.4035279131824454, 0.03515953074944612], [1.0e-5, 0.3950778161543188, 1.0e-5, 0.6049021838456811], [1.0e-5, 0.40932211097857885, 1.0e-5, 0.5906578890214211], [1.0e-5, 0.5650852526145272, 1.0e-5, 0.4348947473854726], [0.08057043596738452, 0.4459130121421364, 1.0e-5, 0.4735065518904791], [0.03125215646620625, 0.6878875023112837, 0.28085034122250996, 1.0e-5], [1.0e-5, 0.9999699999999999, 1.0e-5, 1.0e-5]  …  [1.0e-5, 1.0e-5, 0.9999699999999999, 1.0e-5], [1.0e-5, 0.13449939562852306, 0.8653585883044621, 0.00013201606701481432], [1.0e-5, 0.45136655930402425, 0.5486134406959756, 1.0e-5], [0.005604052502246132, 0.20229083718653187, 0.7920951103112219, 1.0e-5], [1.0e-5, 0.35784872076528024, 0.49712175589521, 0.1450195233395097], [0.0343590818647366, 1.0e-5, 0.7765626360629845, 0.18906828207227888], [1.0e-5, 0.06580259715998821, 0.55319248057196, 0.38099492226805176], [0.02270212103611539, 1.0e-5, 0.5390954469595551, 0.4381924320043295], [1.0e-5, 1.0e-5, 0.9999699999999999, 1.0e-5], [1.0e-5, 1.0e-5, 0.9999699999999999, 1.0e-5]], SubArray{Float64, 1, Matrix{Float64}, Tuple{Base.Slice{Base.OneTo{Int64}}, Int64}, true}[[0.0659305858944505, 0.2931541469415451, 0.28216338908849464, 0.3587518780755096], [1.0e-5, 0.3952243217202208, 1.0e-5, 0.604755678279779], [1.0000000000138779e-5, 0.24401790844685034, 1.0000000000138779e-5, 0.7559620915531493], [0.13957425669261916, 0.4641118439178889, 0.3963038993894918, 1.0e-5], [1.0e-5, 0.3650567733485058, 1.0e-5, 0.6349232266514941], [1.0e-5, 0.3608958410834158, 1.0e-5, 0.6390841589165841], [1.0e-5, 0.5627020129816828, 1.0e-5, 0.4372779870183172], [0.0823784185277956, 0.39138225290375844, 1.0000000000222045e-5, 0.5262293285684456], [0.03307551348612409, 0.6814044614525826, 0.28551002506129325, 1.0000000000083268e-5], [1.0e-5, 0.9999699999999999, 1.0e-5, 1.0e-5]  …  [1.0e-5, 1.0e-5, 0.9999699999999999, 1.0e-5], [1.0000000000166534e-5, 0.10823168459727675, 0.8896448590978226, 0.0021134563049004552], [1.0e-5, 0.4366943956398757, 0.5632856043601242, 1.0e-5], [0.0055095594636753505, 0.19042220808065696, 0.8040582324556675, 1.0000000000111023e-5], [1.0e-5, 0.33368791596766084, 0.5179264117987082, 0.14837567223363088], [0.03879743879992276, 1.0e-5, 0.7970938056645831, 0.16409875553549408], [1.0e-5, 0.061157918716914, 0.5672713873217208, 0.37156069396136526], [0.005589378732865653, 1.0000000000249801e-5, 0.5111263631485395, 0.48327425811859454], [1.0e-5, 1.0e-5, 0.9999699999999999, 1.0e-5], [1.0e-5, 1.0e-5, 0.9999699999999999, 1.0e-5]], SubArray{Float64, 1, Matrix{Float64}, Tuple{Base.Slice{Base.OneTo{Int64}}, Int64}, true}[[0.0018988672076842915, 1.0000000000083268e-5, 1.0000000000138779e-5, 1.0e-5, 0.1505318314348172, 0.05975649854335889, 0.07970011700858208, 0.1198160412921759, 0.025185507235799612, 0.013847362288947989, 0.012338826745657842, 1.0e-5, 0.8223837941216988, 0.926386139167693, 0.9079510562457598, 0.880163958707824], [0.01101884768216959, 0.0629693824560119, 0.05358228646392999, 0.0414233369081199, 1.0e-5, 1.0e-5, 1.0000000000138779e-5, 1.0e-5, 0.44209873058182086, 0.4650044545437737, 0.44712399474476533, 0.41664300090759293, 0.5468724217360094, 0.4720161630002144, 0.49928371879130456, 0.5419236621842871], [0.12635715314655038, 0.04383922357337771, 0.07220268137171199, 0.10057013783323743, 0.15272585602226318, 0.28544856480364356, 0.28679017520379596, 0.2015486728667347, 0.004847687796570283, 0.030524511307016666, 1.0e-5, 1.0e-5, 0.716069303034616, 0.6401877003159621, 0.6409971434244919, 0.6978711893000278], [0.040784004671650644, 0.04523019151460443, 0.04462509594041469, 0.07283191622697893, 0.30359323566509533, 0.31737667711999096, 0.37167150865386817, 0.28299964577794046, 1.0000000000111023e-5, 1.0e-5, 0.009198033156366454, 1.0e-5, 0.6556127596632539, 0.6373831313654046, 0.5745053622493507, 0.6441584379950804], [1.0000000000111023e-5, 1.0e-5, 1.0000000000083268e-5, 1.0000000000027756e-5, 0.039327660830612635, 0.04804128791280708, 0.05025347215755333, 0.08796320436051396, 0.16392932712189737, 0.09691169404140917, 0.09784598089752841, 0.1077787244120817, 0.7967330120474898, 0.8550370180457837, 0.8518905469449182, 0.8042480712274043], [0.08395109420450456, 0.17061848703788463, 0.20084260696112097, 0.14117668562132152, 0.04262149256887297, 0.0412067570578637, 0.061827264195940215, 0.04855643059933411, 0.008791780914659628, 1.0000000000222045e-5, 0.001138544267816088, 0.022451990085075174, 0.8646356323119627, 0.7881647559042514, 0.7361915845751227, 0.7878148936942692], [1.0e-5, 1.0000000000166534e-5, 1.0e-5, 1.0000000000277557e-5, 0.37369254291444104, 0.17651877904681257, 0.23770579660081353, 0.3447929144796319, 0.010016819744215978, 0.16036486059328375, 0.10399571234710042, 0.054190060151517505, 0.6162806373413429, 0.6631063603599036, 0.6582884910520859, 0.6010070253688503], [1.0e-5, 0.0015050867169403618, 1.0000000000055512e-5, 1.0000000000166534e-5, 1.0e-5, 0.06346806407315993, 0.014079033991421394, 0.02445639706776388, 0.16237587116651778, 0.12549788220569533, 0.13279852662586994, 0.12577684348468893, 0.8376041288334822, 0.8095289670042044, 0.8531124393827086, 0.8497567594475469], [0.016570887835823212, 1.0e-5, 0.005634528624834792, 1.0e-5, 0.14210253902263362, 0.1209486506166109, 0.11932747505288835, 0.12597865688955037, 0.009450364873364927, 0.005722937657989006, 1.0e-5, 0.055166407840874614, 0.8318762082681781, 0.8733184117254, 0.8750279963222768, 0.818844935269575], [5.711196088953872e-5, 0.03984031277697266, 0.03708379358778259, 7.199508276501361e-5, 0.014213412413133545, 0.048643111649820554, 0.015120411875934341, 1.0e-5, 1.0e-5, 1.0e-5, 0.018151880217172945, 1.0e-5, 0.9857194756259768, 0.9115065755732068, 0.9296439143191101, 0.9999080049172349]  …  [0.04821372953041419, 0.01619410152484549, 0.012403067436722709, 0.0013043833336306386, 0.0335940452163364, 0.015778327960320457, 0.018491988208305738, 0.007668114593445946, 1.0000000000055512e-5, 1.0000000000111023e-5, 1.0e-5, 1.0e-5, 0.9181822252532493, 0.9680175705148338, 0.9690949443549715, 0.9910175020729233], [0.25612740666049927, 0.15451843502115808, 0.052045134741395806, 0.1402188460719158, 0.3126762148384016, 0.36909658636410386, 0.33035503601431143, 0.3583415478146794, 1.0e-5, 1.0000000000249801e-5, 0.006302984794498141, 1.0e-5, 0.43118637850109925, 0.4763749786147378, 0.6112968444497946, 0.5014296061134047], [0.2333797541751739, 0.16874731716214048, 0.0833830355784789, 0.0851569361804862, 0.13001466157366426, 0.18393746963384755, 0.16532940646181232, 0.23386834533929055, 0.15680937680375798, 0.05798707364255796, 0.05486265472344979, 0.10160662314119628, 0.47979620744740376, 0.589328139561454, 0.6964249032362589, 0.5793680953390269], [0.36012416655521623, 0.19367974036918117, 0.1286090772474525, 0.13088140695602934, 1.0e-5, 1.0e-5, 1.0e-5, 1.0000000000166534e-5, 0.31411844525636357, 0.2948905738920677, 0.31302630550352756, 0.22295541469396632, 0.32574738818842025, 0.5114196857387511, 0.5583546172490199, 0.6461531783500042], [1.0000000000222045e-5, 1.0e-5, 1.0e-5, 1.0000000000111023e-5, 0.03258545036885004, 0.0510066761697065, 0.015957321496137773, 0.015000685675192317, 0.27501801547669547, 0.2625627126386698, 0.4078706974086314, 0.4165457205092318, 0.6923865341544543, 0.6864206111916236, 0.5761619810952306, 0.5684435938155756], [1.0e-5, 0.03374715366050498, 0.01633607358657798, 1.0e-5, 0.13882205392242397, 0.18390978687320733, 0.034072954369570856, 0.12682757441721865, 0.3294367189460639, 0.2953510125556829, 0.1826172393411526, 0.1333714859736622, 0.5317312271315121, 0.48699204691060477, 0.7669737327026984, 0.7397909396091191], [0.18432011568264678, 0.16254726799504293, 0.07634616566462209, 0.07484044665673298, 0.073264492173899, 0.14273607140494288, 0.04997408005349173, 0.09298962229896003, 0.006919747800427662, 1.0e-5, 0.004772979104473727, 1.0e-5, 0.7354956443430265, 0.6947066606000141, 0.8689067751774123, 0.832159931044307], [0.054461186088556955, 0.08827564085329723, 0.02716913459761512, 0.05095335187186436, 0.09965611551127755, 0.11038510940004181, 0.02458003972735939, 0.08265874894431721, 0.005127696773992223, 0.05465532966173602, 1.0000000000083268e-5, 0.01040172328291733, 0.8407550016261732, 0.